SERIALNO=0092
TCALDATE=05-Feb-15
TA0=-2.872940e-005
TA1= 2.858320e-004
TA2=-3.148471e-006
TA3= 1.771517e-007
CCALDATE=05-Feb-15
CG=-9.851285e-001
CH= 1.510695e-001
CI=-2.787593e-004
CJ= 4.499006e-005
CTCOR= 3.250000e-006
CPCOR=-9.570000e-008
WBOTC= 1.153856e-005
