SERIALNO=0092
TCALDATE=02-Oct-19
TA0=-1.217156e-005
TA1= 2.817791e-004
TA2=-2.819117e-006
TA3= 1.682841e-007
CCALDATE=02-Oct-19
CG=-9.878340e-001
CH= 1.513790e-001
CI=-4.524719e-004
CJ= 5.214127e-005
CTCOR= 3.250000e-006
CPCOR=-9.570000e-008
WBOTC= 1.153856e-005
